10
225
0.000000 0.000000 0.000000 0.000000 0.000000 0.014450 0.659574 0.000000 0.289436 0.036540 
0.000000 0.000000 0.000000 0.000000 0.000000 0.129768 0.461011 0.000000 0.298204 0.111017 
-0.000000 -0.000000 -0.000000 0.000000 -0.000000 0.003889 0.019128 0.964671 0.012278 0.000033 
0.000000 0.000000 0.000000 0.000000 0.000000 0.092913 0.607063 0.000000 0.266393 0.033631 
0.000000 0.019591 0.000000 0.000000 0.000000 0.014167 0.646652 0.000000 0.283766 0.035825 
0.000000 0.020861 0.000000 -0.000000 0.000000 0.127061 0.451394 0.000000 0.291983 0.108701 
-0.000000 0.018059 0.000000 0.000000 0.000000 0.091235 0.596099 0.000000 0.261582 0.033024 
0.000000 0.000000 0.000000 0.000000 0.000000 0.231936 0.238222 0.000000 0.454973 0.074868 
0.000000 0.000000 0.000000 0.000000 0.000000 0.247646 0.233350 0.000000 0.445667 0.073337 
0.500000 0.000000 -0.000000 0.000000 0.000000 0.500000 -0.000000 -0.000000 -0.000000 -0.000000 
0.001950 -0.000000 -0.000000 -0.000000 -0.000000 0.238741 0.235295 -0.000000 0.428458 0.095556 
-0.000000 -0.000000 0.000000 0.000000 0.000000 0.231724 0.248700 0.000000 0.422809 0.096768 
0.000000 0.000000 0.000000 0.000000 0.000000 0.235201 0.237090 0.000000 0.440949 0.086761 
0.000000 -0.000000 -0.000000 -0.000000 -0.000000 0.242091 0.234954 -0.000000 0.436976 0.085979 
0.001015 0.000000 0.000000 0.000000 0.000000 0.019308 0.023211 0.915942 0.036270 0.004253 
0.000000 0.000000 0.000000 0.000000 0.000000 0.005045 0.019459 0.960919 0.014205 0.000372 
-0.000000 0.000000 0.000000 0.000000 0.000000 0.079425 0.084741 0.655298 0.156079 0.024456 
0.000000 0.000000 -0.000000 0.000000 0.000000 0.084890 0.084238 0.651408 0.155152 0.024311 
-0.000000 0.028083 0.000000 0.000000 0.000000 0.139222 0.420790 0.000000 0.305837 0.106069 
0.000000 0.047494 0.000000 0.000000 0.000000 0.097170 0.466657 0.000000 0.339174 0.049504 
0.000000 0.002533 -0.000000 0.000000 -0.000000 0.231348 0.237619 -0.000000 0.453821 0.074679 
0.000000 0.044923 -0.000000 -0.000000 -0.000000 0.146040 0.441398 0.000000 0.320815 0.046824 
-0.000000 0.002481 0.000000 0.000000 0.000000 0.247031 0.232771 0.000000 0.444562 0.073155 
0.000000 0.000089 -0.000000 0.000000 0.000000 0.003889 0.019126 0.964586 0.012277 0.000033 
0.000000 0.001270 -0.000000 0.000000 0.000000 0.004037 0.028368 0.949492 0.016272 0.000561 
0.000000 0.002420 0.000000 0.000000 0.000000 0.012720 0.050112 0.894594 0.032327 0.007827 
0.000000 0.001268 0.000000 0.000000 0.000000 0.005282 0.028333 0.948305 0.016251 0.000561 
0.333333 0.333333 0.000000 0.000000 -0.000000 0.333333 -0.000000 -0.000000 -0.000000 -0.000000 
0.000000 0.000000 0.000000 0.000000 0.140736 0.012416 0.566748 0.000000 0.248702 0.031398 
-0.000000 0.000000 0.000000 0.000000 0.104261 0.116238 0.412945 0.000000 0.267112 0.099443 
-0.000000 0.000000 0.000000 0.000000 0.004745 0.003871 0.019037 0.960094 0.012220 0.000033 
0.000000 0.000000 0.000000 0.000000 0.130999 0.080741 0.527538 0.000000 0.231496 0.029226 
0.000000 0.016880 0.000000 0.000000 0.138360 0.012207 0.557181 -0.000000 0.244504 0.030868 
0.000000 0.018727 0.000000 0.000000 0.102309 0.114061 0.405212 -0.000000 0.262110 0.097580 
0.000000 0.015731 0.000000 0.000000 0.128938 0.079471 0.519239 -0.000000 0.227854 0.028766 
-0.000000 0.000000 -0.000000 0.000000 0.216750 0.181664 0.186588 0.000000 0.356358 0.058641 
-0.000000 0.000000 0.000000 0.000000 0.213262 0.194832 0.183585 0.000000 0.350624 0.057697 
-0.000000 0.000000 0.000000 0.000000 0.189079 0.187910 0.201676 -0.000000 0.342865 0.078471 
-0.000000 0.000000 0.000000 0.000000 0.203827 0.187261 0.188764 -0.000000 0.351071 0.069077 
0.001571 0.000000 0.000000 0.000000 0.194228 0.192371 0.189594 -0.000000 0.345239 0.076996 
-0.000000 0.000000 -0.000000 0.000000 0.202362 0.193101 0.187408 -0.000000 0.348549 0.068580 
0.000994 -0.000000 -0.000000 0.000000 0.020281 0.018917 0.022740 0.897366 0.035535 0.004167 
-0.000000 0.000000 0.000000 0.000000 0.005930 0.005016 0.019343 0.955221 0.014120 0.000370 
-0.000000 0.000000 0.000000 0.000000 0.085283 0.072652 0.077514 0.599413 0.142768 0.022371 
0.000000 0.000000 -0.000000 0.000000 0.084819 0.077690 0.077093 0.596156 0.141992 0.022249 
-0.000000 0.024893 0.000000 0.000000 0.113577 0.123409 0.372998 -0.000000 0.271101 0.094022 
-0.000000 0.039601 0.000000 0.000000 0.166196 0.081021 0.389101 -0.000000 0.282805 0.041277 
-0.000000 0.001985 0.000000 0.000000 0.216319 0.181303 0.186218 0.000000 0.355651 0.058524 
-0.000000 0.037797 -0.000000 0.000000 0.158627 0.122874 0.371380 -0.000000 0.269925 0.039397 
-0.000000 0.001953 0.000000 0.000000 0.212845 0.194452 0.183227 0.000000 0.349939 0.057584 
-0.000000 0.000088 0.000000 0.000000 0.004745 0.003871 0.019036 0.960009 0.012219 0.000033 
0.000000 0.001261 -0.000000 -0.000000 0.007012 0.004009 0.028169 0.942833 0.016158 0.000558 
-0.000000 0.002390 0.000000 0.000000 0.012438 0.012561 0.049489 0.883467 0.031925 0.007730 
-0.000000 0.001259 0.000000 0.000000 0.007004 0.005245 0.028134 0.941663 0.016137 0.000557 
-0.000000 -0.000000 0.000000 0.074628 -0.000000 0.013371 0.610351 -0.000000 0.267836 0.033814 
0.000000 0.000000 0.000000 0.023131 0.000000 0.126766 0.450347 -0.000000 0.291306 0.108449 
0.000000 -0.000000 0.000000 0.000177 0.000000 0.003889 0.019125 0.964500 0.012276 0.000033 
-0.000000 0.000000 0.000000 0.069098 0.000000 0.086493 0.565116 -0.000000 0.247986 0.031308 
0.000000 0.018155 0.000000 0.073274 0.000000 0.013129 0.599270 0.000000 0.262973 0.033200 
0.000000 0.020388 0.000000 0.022659 0.000000 0.124182 0.441166 0.000000 0.285367 0.106238 
0.000000 0.016833 0.000000 0.067934 -0.000000 0.085037 0.555604 -0.000000 0.243812 0.030781 
0.000000 0.000000 -0.000000 0.047667 0.000000 0.220880 0.226867 0.000000 0.433286 0.071300 
0.000000 0.000000 0.000000 0.046737 0.000000 0.236071 0.222444 0.000000 0.424838 0.069910 
0.000000 -0.000000 -0.000000 0.032486 -0.000000 0.224196 0.240620 -0.000000 0.409074 0.093624 
0.000000 0.000000 0.000000 0.039457 0.000000 0.225921 0.227735 -0.000000 0.423550 0.083337 
-0.000000 0.000000 0.000000 0.039116 0.000000 0.232621 0.225763 0.000000 0.419884 0.082616 
0.001882 0.000000 0.000000 0.034726 0.000000 0.230451 0.227124 0.000000 0.413579 0.092237 
0.000000 0.000000 -0.000000 0.000333 0.000000 0.005044 0.019452 0.960599 0.014200 0.000372 
0.000000 0.000000 0.000000 0.015588 0.000000 0.078187 0.083421 0.645084 0.153646 0.024075 
0.000000 0.000000 0.000000 0.015497 0.000000 0.083575 0.082933 0.641313 0.152748 0.023934 
0.001012 0.000000 -0.000000 0.003128 -0.000000 0.019248 0.023138 0.913077 0.036157 0.004240 
0.000000 0.027417 0.000000 0.023709 0.000000 0.135921 0.410813 -0.000000 0.298586 0.103554 
0.000000 0.044592 0.000000 0.061106 -0.000000 0.091233 0.438142 -0.000000 0.318448 0.046479 
0.000000 0.002412 0.000000 0.047552 0.000000 0.220347 0.226320 0.000000 0.432241 0.071128 
0.000000 0.042318 -0.000000 0.057991 -0.000000 0.137571 0.415801 -0.000000 0.302211 0.044109 
0.000000 0.002365 0.000000 0.046627 0.000000 0.235513 0.221918 0.000000 0.423833 0.069744 
-0.000000 0.000088 0.000000 0.000177 0.000000 0.003888 0.019123 0.964415 0.012275 0.000033 
-0.000000 0.001268 0.000000 0.001339 0.000000 0.004032 0.028330 0.948220 0.016250 0.000561 
0.000000 0.002416 -0.000000 0.001824 0.000000 0.012696 0.050021 0.892963 0.032268 0.007813 
0.000000 0.001267 -0.000000 0.001337 -0.000000 0.005275 0.028295 0.947037 0.016230 0.000560 
-0.000000 0.000088 0.000000 0.000176 0.004744 0.003870 0.019032 0.959840 0.012217 0.000033 
0.000000 0.001259 0.000000 0.001330 0.007003 0.004004 0.028132 0.941580 0.016136 0.000557 
0.000000 0.002386 -0.000000 0.001801 0.012416 0.012539 0.049400 0.881876 0.031867 0.007716 
0.000000 0.001258 0.000000 0.001328 0.006994 0.005238 0.028097 0.940413 0.016116 0.000556 
-0.000000 0.035936 -0.000000 0.049245 0.150815 0.116823 0.353092 -0.000000 0.256633 0.037457 
0.000000 0.001881 -0.000000 0.037070 0.204955 0.187244 0.176435 -0.000000 0.336967 0.055450 
-0.000000 0.037563 0.000000 0.051474 0.157641 0.076851 0.369072 0.000000 0.268248 0.039152 
-0.000000 0.001910 0.000000 0.037653 0.208174 0.174477 0.179206 0.000000 0.342260 0.056321 
0.000000 0.024369 -0.000000 0.021073 0.111183 0.120809 0.365138 0.000000 0.265388 0.092041 
0.000000 0.000000 -0.000000 0.000331 0.005928 0.005014 0.019337 0.954905 0.014116 0.000370 
0.000000 0.000000 0.000000 0.014277 0.084065 0.071614 0.076408 0.590855 0.140730 0.022051 
0.000000 -0.000000 -0.000000 0.014201 0.083615 0.076587 0.075999 0.587690 0.139976 0.021933 
0.000991 0.000000 0.000000 0.003065 0.020219 0.018859 0.022670 0.894615 0.035426 0.004154 
0.000000 0.000000 -0.000000 0.026507 0.184067 0.182929 0.196330 -0.000000 0.333776 0.076391 
0.000000 -0.000000 -0.000000 0.031670 0.197372 0.181330 0.182786 -0.000000 0.339953 0.066889 
0.000000 -0.000000 -0.000000 0.031449 0.195998 0.187028 0.181514 -0.000000 0.337587 0.066423 
0.001527 0.000000 0.000000 0.028172 0.188756 0.186952 0.184253 0.000000 0.335513 0.074827 
-0.000000 0.000000 0.000000 0.037725 0.208573 0.174811 0.179549 -0.000000 0.342915 0.056429 
0.000000 0.000000 0.000000 0.037140 0.205341 0.187596 0.176767 -0.000000 0.337601 0.055554 
-0.000000 0.015804 -0.000000 0.063782 0.129535 0.011428 0.521643 -0.000000 0.228909 0.028899 
0.000000 0.018345 0.000000 0.020388 0.100223 0.111736 0.396951 0.000000 0.256766 0.095591 
0.000000 0.014792 -0.000000 0.059698 0.121241 0.074727 0.488242 -0.000000 0.214252 0.027049 
0.000000 -0.000000 -0.000000 0.064806 0.131615 0.011612 0.530019 0.000000 0.232585 0.029363 
0.000000 0.000000 0.000000 0.020769 0.102096 0.113824 0.404369 -0.000000 0.261565 0.097377 
0.000000 0.000000 -0.000000 0.000176 0.004744 0.003870 0.019034 0.959924 0.012218 0.000033 
0.000000 0.000000 -0.000000 0.060594 0.123061 0.075849 0.495572 -0.000000 0.217468 0.027455 
0.000000 0.000000 0.061562 0.000000 0.000000 0.013560 0.618969 0.000000 0.271618 0.034291 
-0.000000 0.000000 0.074825 0.000000 0.000000 0.120058 0.426516 0.000000 0.275891 0.102711 
0.000000 0.000000 0.003310 -0.000000 -0.000000 0.003877 0.019065 0.961478 0.012237 0.000033 
0.000000 0.000000 0.056940 0.000000 0.000000 0.087623 0.572497 0.000000 0.251225 0.031716 
-0.000000 0.018407 0.060429 0.000000 0.000000 0.013311 0.607576 0.000000 0.266618 0.033660 
0.000000 0.019330 0.073378 0.000000 0.000000 0.117737 0.418271 0.000000 0.270558 0.100725 
0.000000 0.017049 0.055969 0.000000 0.000000 0.086129 0.562736 -0.000000 0.246942 0.031176 
-0.000000 0.000000 0.131702 0.000000 -0.000000 0.201389 0.206848 -0.000000 0.395052 0.065008 
0.000000 0.000000 0.129357 0.000000 0.000000 0.215611 0.203164 0.000000 0.388017 0.063850 
0.000000 0.000000 0.122264 0.000000 0.000000 0.203392 0.218293 0.000000 0.371115 0.084936 
0.000000 0.000000 0.127876 0.000000 0.000000 0.205125 0.206772 0.000000 0.384562 0.075666 
0.000000 -0.000000 0.126870 0.000000 0.000000 0.211377 0.205145 0.000000 0.381537 0.075071 
0.001704 0.000000 0.125968 0.000000 0.000000 0.208668 0.205656 0.000000 0.374486 0.083519 
0.000000 -0.000000 0.003989 0.000000 0.000000 0.005025 0.019381 0.957087 0.014148 0.000370 
0.000000 -0.000000 0.049294 -0.000000 -0.000000 0.075510 0.080564 0.622996 0.148385 0.023251 
0.000000 0.000000 0.049016 0.000000 0.000000 0.080730 0.080109 0.619478 0.147547 0.023120 
0.001002 -0.000000 0.012687 0.000000 -0.000000 0.019063 0.022916 0.904322 0.035810 0.004199 
0.000000 0.025856 0.079283 0.000000 0.000000 0.128184 0.387428 0.000000 0.281589 0.097660 
0.000000 0.043354 0.087172 0.000000 0.000000 0.088700 0.425978 0.000000 0.309608 0.045189 
-0.000000 0.002200 0.131412 0.000000 0.000000 0.200946 0.206393 0.000000 0.394183 0.064865 
0.000000 0.041202 0.082844 0.000000 0.000000 0.133941 0.404830 0.000000 0.294237 0.042945 
0.000000 0.002161 0.129077 -0.000000 -0.000000 0.215145 0.202725 -0.000000 0.387179 0.063712 
0.000000 0.000088 0.003310 -0.000000 -0.000000 0.003876 0.019063 0.961393 0.012236 0.000033 
0.000000 0.001264 0.004200 -0.000000 -0.000000 0.004020 0.028249 0.945504 0.016203 0.000559 
0.000000 0.002399 0.008683 -0.000000 -0.000000 0.012609 0.049677 0.886827 0.032046 0.007759 
0.000000 0.001263 0.004195 -0.000000 -0.000000 0.005260 0.028214 0.944327 0.016183 0.000558 
-0.000000 0.000088 0.003294 0.000000 0.004729 0.003858 0.018973 0.956847 0.012178 0.000033 
0.000000 0.001256 0.004171 -0.000000 0.006983 0.003992 0.028052 0.938901 0.016090 0.000555 
0.000000 0.002370 0.008576 -0.000000 0.012332 0.012454 0.049064 0.875890 0.031651 0.007663 
0.000000 0.001254 0.004166 -0.000000 0.006975 0.005223 0.028017 0.937741 0.016070 0.000555 
0.000000 0.035128 0.070631 0.000000 0.147423 0.114195 0.345149 -0.000000 0.250860 0.036614 
0.000000 0.001749 0.104474 -0.000000 0.190608 0.174137 0.164084 0.000000 0.313379 0.051568 
0.000000 0.036680 0.073753 0.000000 0.153938 0.075046 0.360404 0.000000 0.261947 0.038232 
-0.000000 0.001774 0.105999 0.000000 0.193390 0.162085 0.166479 0.000000 0.317952 0.052321 
0.000000 0.023128 0.070917 0.000000 0.105522 0.114657 0.346546 0.000000 0.251875 0.087354 
0.000000 -0.000000 0.003965 0.000000 0.005906 0.004996 0.019267 0.951434 0.014064 0.000368 
0.000000 0.000000 0.045280 0.000000 0.081421 0.069362 0.074005 0.572271 0.136304 0.021358 
0.000000 0.000000 0.045045 0.000000 0.080998 0.074191 0.073621 0.569302 0.135596 0.021247 
0.000982 0.000000 0.012433 0.000000 0.020029 0.018682 0.022457 0.886209 0.035093 0.004115 
0.000000 -0.000000 0.101493 0.000000 0.169889 0.168838 0.181207 0.000000 0.308066 0.070507 
0.000000 0.000000 0.104536 0.000000 0.182520 0.167685 0.169032 0.000000 0.314372 0.061856 
0.000000 -0.000000 0.103863 -0.000000 0.181345 0.173045 0.167943 0.000000 0.312347 0.061457 
0.001408 -0.000000 0.104047 0.000000 0.174019 0.172356 0.169868 0.000000 0.309318 0.068985 
0.000000 0.000000 0.106187 0.000000 0.193734 0.162373 0.166775 0.000000 0.318517 0.052414 
0.000000 -0.000000 0.104657 -0.000000 0.190942 0.174442 0.164372 0.000000 0.313928 0.051659 
0.000000 0.015994 0.052507 -0.000000 0.131095 0.011566 0.527925 -0.000000 0.231666 0.029247 
-0.000000 0.017484 0.066369 0.000000 0.095519 0.106491 0.378319 0.000000 0.244714 0.091104 
-0.000000 0.014958 0.049107 0.000000 0.122607 0.075569 0.493741 -0.000000 0.216665 0.027353 
0.000000 0.000000 0.053360 0.000000 0.133226 0.011754 0.536506 0.000000 0.235431 0.029723 
-0.000000 0.000000 0.067550 0.000000 0.097218 0.108386 0.385051 0.000000 0.249069 0.092725 
0.000000 -0.000000 0.003294 -0.000000 0.004729 0.003858 0.018975 0.956931 0.012179 0.000033 
0.000000 0.000000 0.049853 -0.000000 0.124469 0.076716 0.501239 -0.000000 0.219955 0.027769 
0.000000 -0.000000 0.050075 0.061561 0.125025 0.011030 0.503478 0.000000 0.220938 0.027893 
0.000000 0.000000 0.066240 0.019394 0.095333 0.106284 0.377583 -0.000000 0.244239 0.090927 
0.000000 -0.000000 0.003294 0.000176 0.004729 0.003858 0.018971 0.956763 0.012177 0.000033 
0.000000 -0.000000 0.046974 0.057748 0.117281 0.072286 0.472293 -0.000000 0.207253 0.026165 
0.000000 0.015024 0.049323 0.060636 0.123146 0.010864 0.495914 -0.000000 0.217618 0.027474 
-0.000000 0.017150 0.065104 0.019061 0.093698 0.104461 0.371108 0.000000 0.240050 0.089367 
0.000000 0.014107 0.046311 0.056933 0.115626 0.071266 0.465631 -0.000000 0.204329 0.025796 
0.000000 -0.000000 0.102592 0.033854 0.187175 0.156876 0.161129 -0.000000 0.307734 0.050639 
0.000000 0.000000 0.101163 0.033383 0.184568 0.168618 0.158885 -0.000000 0.303449 0.049934 
0.000000 0.000000 0.099069 0.023881 0.165832 0.164806 0.176880 0.000000 0.300710 0.068823 
0.000000 0.000000 0.101561 0.028453 0.177327 0.162914 0.164222 0.000000 0.305427 0.060096 
0.000000 0.000000 0.100926 0.028275 0.176217 0.168152 0.163195 0.000000 0.303516 0.059720 
0.001372 0.000000 0.101413 0.025315 0.169614 0.167992 0.165567 0.000000 0.301488 0.067238 
0.000000 -0.000000 0.003964 0.000330 0.005904 0.004994 0.019260 0.951120 0.014060 0.000368 
0.000000 -0.000000 0.044663 0.013640 0.080310 0.068416 0.072995 0.564465 0.134444 0.021066 
0.000000 -0.000000 0.044434 0.013570 0.079899 0.073184 0.072622 0.561576 0.133756 0.020959 
0.000979 -0.000000 0.012395 0.003027 0.019969 0.018625 0.022389 0.883526 0.034987 0.004102 
0.000000 0.022674 0.069526 0.019608 0.103453 0.112409 0.339751 0.000000 0.246936 0.085642 
0.000000 0.034925 0.070223 0.047859 0.146571 0.071454 0.343155 0.000000 0.249411 0.036403 
-0.000000 0.001714 0.102416 0.033796 0.186854 0.156607 0.160852 0.000000 0.307207 0.050553 
-0.000000 0.033514 0.067387 0.045926 0.140652 0.108951 0.329298 0.000000 0.239339 0.034933 
0.000000 0.001691 0.100992 0.033326 0.184256 0.168333 0.158616 0.000000 0.302936 0.049850 
-0.000000 0.000088 0.003294 0.000176 0.004728 0.003857 0.018970 0.956679 0.012176 0.000033 
-0.000000 0.001254 0.004165 0.001324 0.006974 0.003987 0.028015 0.937658 0.016069 0.000554 
0.000000 0.002365 0.008561 0.001786 0.012310 0.012431 0.048977 0.874326 0.031594 0.007650 
0.000000 0.001252 0.004160 0.001322 0.006965 0.005216 0.027980 0.936501 0.016049 0.000554 
0.000000 0.000088 0.003309 0.000176 -0.000000 0.003876 0.019060 0.961224 0.012234 0.000033 
-0.000000 0.001263 0.004194 0.001333 -0.000000 0.004015 0.028211 0.944243 0.016182 0.000558 
0.000000 0.002395 0.008667 0.001808 0.000000 0.012586 0.049587 0.885223 0.031988 0.007745 
0.000000 0.001261 0.004189 0.001332 -0.000000 0.005253 0.028176 0.943070 0.016162 0.000558 
0.000000 0.039000 0.078417 0.053443 0.000000 0.126783 0.383195 0.000000 0.278512 0.040650 
-0.000000 0.002072 0.123804 0.040854 0.000000 0.206356 0.194443 0.000000 0.371361 0.061110 
0.000000 0.040923 0.082283 0.056078 0.000000 0.083726 0.402090 0.000000 0.292245 0.042655 
-0.000000 0.002108 0.125951 0.041562 -0.000000 0.192594 0.197815 0.000000 0.377800 0.062169 
0.000000 0.025291 0.077549 0.021871 0.000000 0.125380 0.378955 0.000000 0.275431 0.095524 
0.000000 0.000000 0.003987 0.000332 0.000000 0.005024 0.019375 0.956769 0.014143 0.000370 
0.000000 -0.000000 0.048563 0.014831 0.000000 0.074390 0.079369 0.613756 0.146185 0.022906 
0.000000 0.000000 0.048293 0.014748 -0.000000 0.079539 0.078928 0.610342 0.145371 0.022779 
0.000999 -0.000000 0.012648 0.003088 -0.000000 0.019005 0.022846 0.901529 0.035700 0.004186 
0.000000 0.000000 0.118764 0.028628 0.000000 0.197570 0.212043 -0.000000 0.360490 0.082505 
0.000000 -0.000000 0.123453 0.034586 -0.000000 0.198030 0.199620 0.000000 0.371261 0.073049 
0.000000 0.000000 0.122515 0.034323 0.000000 0.204122 0.198104 0.000000 0.368441 0.072494 
0.001652 0.000000 0.122128 0.030485 -0.000000 0.202306 0.199386 -0.000000 0.363070 0.080973 
0.000000 0.000000 0.126217 0.041650 0.000000 0.193001 0.198233 0.000000 0.378598 0.062301 
0.000000 -0.000000 0.124061 0.040939 -0.000000 0.206784 0.194847 -0.000000 0.372132 0.061236 
0.000000 0.017134 0.056250 0.069152 -0.000000 0.012390 0.565561 -0.000000 0.248181 0.031332 
0.000000 0.018924 0.071835 0.021032 0.000000 0.115261 0.409474 0.000000 0.264867 0.098607 
-0.000000 0.015951 0.052366 0.064377 0.000000 0.080584 0.526509 -0.000000 0.231044 0.029169 
-0.000000 0.000000 0.057230 0.070357 0.000000 0.012606 0.575420 -0.000000 0.252508 0.031878 
0.000000 0.000000 0.073221 0.021437 0.000000 0.117484 0.417373 0.000000 0.269976 0.100509 
0.000000 -0.000000 0.003309 0.000176 -0.000000 0.003876 0.019061 0.961308 0.012235 0.000033 
-0.000000 0.000000 0.053215 0.065421 0.000000 0.081890 0.535044 -0.000000 0.234789 0.029642 
-0.000000 0.000000 0.000000 0.000000 0.000000 -0.000000 0.000000 0.000000 0.000000 0.000000 
0.333333 0.000000 0.333333 0.000000 0.000000 0.333333 0.000000 0.000000 0.000000 0.000000 
0.250000 0.250000 0.000000 0.000000 0.250000 0.250000 -0.000000 -0.000000 0.000000 0.000000 
0.333333 0.000000 0.000000 0.000000 0.333333 0.333333 -0.000000 -0.000000 -0.000000 -0.000000 
0.250000 0.000000 0.250000 -0.000000 0.250000 0.250000 -0.000000 -0.000000 0.000000 0.000000 
0.250000 0.250000 -0.000000 0.250000 -0.000000 0.250000 -0.000000 -0.000000 -0.000000 -0.000000 
0.200000 0.200000 0.200000 0.000000 0.200000 0.200000 0.000000 0.000000 0.000000 0.000000 
0.200000 0.000000 0.200000 0.200000 0.200000 0.200000 0.000000 0.000000 0.000000 0.000000 
0.333333 -0.000000 0.000000 0.333333 -0.000000 0.333333 -0.000000 -0.000000 -0.000000 -0.000000 
0.166667 0.166667 0.166667 0.166667 0.166667 0.166667 0.000000 0.000000 0.000000 -0.000000 
0.250000 0.000000 0.250000 0.250000 0.000000 0.250000 0.000000 0.000000 0.000000 0.000000 
0.250000 -0.000000 0.000000 0.250000 0.250000 0.250000 -0.000000 0.000000 -0.000000 -0.000000 
0.200000 0.200000 -0.000000 0.200000 0.200000 0.200000 -0.000000 -0.000000 -0.000000 -0.000000 
0.200000 0.200000 0.200000 0.200000 0.000000 0.200000 0.000000 0.000000 0.000000 0.000000 
0.250000 0.250000 0.250000 0.000000 0.000000 0.250000 0.000000 0.000000 0.000000 0.000000 
17
0
1
2
3
4
5
6
7
8
9
10
11
12
13
14
16
17
